Sample	1	2	3	4	5	6	7	8	9	10	11	12	13	14	15	16	17	18	19	20	21	22	23	24	25	26	27	28	29	30	31	32	33	34	35	36	37	38	39	40	41	42	43	44	45	46	47	48	49	50
H3K27_A_R1 - Adapter 1	3063731	975888	254537	56068	11142	686	333	246	436	500	313	190	119	140	126	125	139	102	177	129	34	26	79	105	10	43	119	22	45	13	45	30	160	17	32	99	19	76	58	303	35	92	86	46	883	571	92	466	3043	902
H3K27_A_R2 - Adapter 1	3361739	1118016	287670	61747	13348	1158	708	525	678	843	575	416	343	312	319	279	234	210	493	50	32	58	124	215	8	89	262	30	50	24	53	73	49	280	36	269	34	107	116	404	249	51	233	59	667	730	116	743	2257	1068
H3K27_A_R3 - Adapter 1	2962192	961065	250820	55153	11176	689	399	314	446	589	340	267	147	203	186	174	150	141	371	42	23	38	106	145	19	57	209	30	51	19	78	48	266	197	53	44	78	122	196	37	371	261	140	95	1187	784	135	636	3526	1541
H3K27_A_R4 - Adapter 1	2600310	822999	214102	48079	9413	702	379	344	414	548	350	269	208	192	202	171	168	153	390	38	20	48	111	182	22	75	228	44	58	29	78	62	177	109	198	41	259	56	293	284	155	59	117	82	696	1108	200	1092	3509	1884
H3K27_N_R1 - Adapter 1	3190655	1056240	269804	58704	12604	1791	1225	1110	1211	1344	828	827	544	580	564	511	430	308	748	63	28	92	156	218	19	98	290	47	78	25	88	56	309	147	46	146	236	57	90	233	297	41	234	68	649	1090	166	1252	3045	1782
H3K27_N_R2 - Adapter 1	3546975	1180000	304719	66181	14118	1485	995	813	999	1001	733	613	446	407	413	367	299	247	559	41	24	61	105	138	32	70	290	25	68	28	79	45	178	154	47	180	37	121	41	139	250	28	160	62	529	878	132	760	2751	1021
H3K27_N_R3 - Adapter 1	3056172	1016795	258891	56172	12554	1809	1257	1124	1215	1275	902	915	576	617	508	488	469	364	813	51	36	80	195	261	26	88	383	58	102	48	61	103	215	149	54	200	52	376	140	70	724	349	208	154	1255	1511	251	1305	4099	2069
H3K27_N_R4 - Adapter 1	3002866	984600	253441	55620	11679	1416	958	841	994	915	717	656	475	464	337	373	350	244	563	53	30	54	143	196	21	76	223	25	54	27	80	77	53	376	22	189	47	115	37	114	1151	95	170	447	1138	487	175	288	2233	1925
H3K4_A_R1 - Adapter 1	2309395	725972	183576	39773	8193	806	438	426	461	523	372	287	236	225	199	200	179	152	278	171	49	36	137	204	17	89	308	30	93	24	156	50	427	64	66	272	28	149	149	1007	72	245	271	149	1975	1380	231	1089	6563	2266
H3K4_A_R2 - Adapter 1	2036797	640104	172045	35997	7356	679	346	299	429	393	330	245	181	148	147	161	140	122	110	98	123	71	129	76	69	70	62	65	83	52	48	75	53	214	70	87	187	109	131	216	644	1236	6636	14501	5179	654	8165	22684	8750	91525
H3K4_A_R3 - Adapter 1	3026732	943568	251012	53479	10797	796	434	317	551	519	392	315	218	194	200	186	175	138	167	155	120	134	152	89	95	87	83	74	82	76	56	109	61	220	110	102	182	104	169	241	685	1404	6674	15702	5685	765	10001	26618	9647	96728
H3K4_A_R4 - Adapter 1	2202525	676457	181122	38621	7677	746	421	339	443	481	332	228	222	188	194	164	147	128	107	77	106	87	103	53	59	65	38	55	65	43	53	76	40	152	61	71	123	81	119	152	484	997	5344	11135	3272	471	6613	17492	5789	74510
H3K4_N_R1 - Adapter 1	1843844	580658	145556	31273	6802	1506	1193	1077	1107	1098	858	771	675	619	464	503	343	293	380	239	260	155	241	153	93	120	148	142	157	116	90	179	111	594	177	208	387	326	438	566	1875	3928	22129	43830	9275	1851	28693	74345	19161	319004
H3K4_N_R2 - Adapter 1	2090700	667664	166515	36827	8185	1601	1179	1026	1035	1133	856	769	569	505	407	402	331	243	588	66	31	48	148	173	33	78	453	22	82	21	119	61	277	168	36	228	39	164	43	191	371	56	265	57	1100	1735	207	1474	5046	1796
H3K4_N_R3 - Adapter 1	2538640	812317	198594	43418	9528	2063	1487	1365	1383	1454	1015	992	739	659	615	441	425	397	775	46	35	77	157	260	24	107	416	41	120	40	87	111	255	185	54	212	53	368	147	50	684	431	307	163	1642	2051	264	1724	4788	2412
H3K4_N_R4 - Adapter 1	1588590	498366	130500	28124	5999	1136	838	766	810	717	580	468	417	407	288	281	212	193	158	114	115	80	114	63	58	73	65	62	65	52	46	75	45	146	59	65	122	98	98	140	425	734	3218	9875	4203	584	6913	14348	5729	76403
IgG_A_R1 - Adapter 1	10981585	3460718	897649	192463	39263	3432	2020	1672	2058	2362	1557	1315	963	912	782	750	617	613	1254	272	250	245	483	574	164	341	914	227	307	182	305	298	1041	754	247	585	681	456	464	824	2448	991	3783	7972	5950	2830	4990	6565	12798	129622
IgG_N_R1 - Adapter 1	10824093	3305979	844788	187836	37864	5972	4189	3662	3963	4103	3268	2896	2176	2099	1676	1583	1327	1157	2426	217	128	225	565	728	112	356	1408	117	311	104	289	246	1116	911	144	857	251	674	243	650	2279	408	766	718	4303	4904	672	4277	14881	7010
nH3K27_A_R1 - Adapter 1	3705404	1092766	329112	75233	20530	7457	5449	5091	4858	5028	4599	4442	4065	3460	2214	1531	1040	762	552	439	411	308	238	184	100	44	55	41	38	37	36	37	31	96	50	31	47	97	60	67	294	288	1756	4723	2330	224	3987	3387	3175	81170
nH3K27_A_R2 - Adapter 1	3704383	1084148	332147	76033	20978	7690	5590	5281	4845	5118	4567	4572	4099	3304	2442	1541	1103	778	583	418	400	331	242	171	104	76	56	31	52	31	32	38	27	106	50	30	36	82	54	86	289	304	2088	4264	2070	153	2467	2191	2418	72932
nH3K27_A_R3 - Adapter 1	3321204	977680	287658	68745	19515	7286	5545	4806	4495	5141	4325	4773	3705	3381	2214	1482	1069	739	1365	70	57	101	222	250	23	59	148	24	27	12	36	28	34	146	17	148	19	51	43	205	117	13	82	32	692	752	90	755	2399	1003
nH3K27_N_R1 - Adapter 1	2853686	822317	210619	46751	10450	3253	2201	2012	1812	1887	1698	1576	1510	1397	931	678	467	361	251	202	182	144	163	102	68	47	40	35	20	24	15	17	20	101	32	14	45	71	36	57	287	225	1084	5544	2900	340	3965	3491	3852	79614
nH3K27_N_R2 - Adapter 1	3202550	898185	242351	53729	12082	3731	2619	2400	1938	2212	2026	1933	1801	1560	1098	756	571	405	334	229	217	172	173	105	64	60	38	34	28	23	18	34	28	77	25	24	49	101	41	46	266	262	1334	5063	3246	284	3225	3009	3563	82526
nH3K27_N_R3 - Adapter 1	3690982	1048604	272914	63118	14544	4650	3432	3042	2552	2756	2403	2645	2000	2091	1408	945	727	521	962	66	33	122	234	222	21	64	149	30	26	20	28	32	36	136	17	162	15	57	59	269	167	33	129	52	907	1056	139	1148	3811	1528
nH3K4_A_R1 - Adapter 1	3907798	1142706	338240	80837	22884	8361	6040	5604	5180	5693	4625	5474	4043	3737	2392	1829	1187	864	1628	87	73	139	304	281	13	81	175	31	58	26	40	24	175	105	26	86	142	37	54	136	182	24	104	37	510	868	109	1027	2523	1465
nH3K4_A_R2 - Adapter 1	3523036	1008091	318530	73027	19660	6698	5063	4342	4062	4290	3970	4013	3684	3021	1972	1405	934	608	487	346	323	306	234	137	69	62	49	39	31	27	32	37	29	93	41	22	47	93	62	85	331	316	2293	4740	2354	177	3370	2718	2933	84630
nH3K4_A_R3 - Adapter 1	2885813	811041	260457	59367	15489	4725	3431	3111	2937	3058	2792	2773	2608	2053	1244	826	537	433	321	272	194	168	154	108	57	29	36	26	27	15	20	22	22	60	17	21	27	53	30	41	176	161	1249	2249	960	94	1538	1293	1629	45200
nH3K4_N_R1 - Adapter 1	3502908	1010302	260620	58194	12457	3701	2567	2258	2224	2255	1961	1824	1770	1610	1118	822	585	414	328	247	249	195	205	113	74	49	52	49	37	34	24	45	24	139	44	32	67	174	76	162	456	557	2905	10401	4830	643	6642	6246	7167	187367
nH3K4_N_R2 - Adapter 1	3705570	1078215	273336	63203	14878	4507	3302	2719	2475	2760	2284	2487	1815	1858	1244	920	703	504	965	62	33	72	168	178	32	79	226	24	41	20	49	40	140	110	25	121	31	94	37	96	229	31	83	40	597	967	160	845	3473	1265
nH3K4_N_R3 - Adapter 1	3634595	1039836	279477	62919	13984	4263	2973	2781	2495	2528	2261	2090	2004	1783	1200	906	709	430	360	275	236	205	208	103	83	70	50	37	47	32	30	41	32	136	41	21	64	100	67	105	410	340	1722	6364	3953	398	3681	3590	4704	103800
nIgG_A_R1 - Adapter 1	7849436	2279750	670591	161168	44397	16376	12042	10596	9786	10698	9284	10433	8158	7276	4776	3270	2297	1584	2917	262	108	254	501	569	33	115	360	36	70	40	73	58	307	206	151	50	199	89	309	198	290	178	111	121	1380	1527	244	1327	5155	2308
nIgG_N_R1 - Adapter 1	5960233	1689470	427605	99890	23604	8305	6005	5560	4790	5022	4365	4768	3949	3609	2560	1805	1350	974	1864	117	69	220	430	469	28	132	364	39	65	36	86	74	635	257	228	58	275	113	324	235	291	217	135	107	1514	1728	283	1455	6017	2772
