	12.0	13.0	14.0	15.0	16.0	17.0	18.0	19.0	20.0	21.0	22.0	23.0	24.0	25.0	26.0	27.0	28.0	29.0	30.0	31.0	32.0	33.0	34.0
H3K27_A_R1	1.0	11.0	24.0	119.0	389.0	1068.0	2159.0	3922.0	6554.0	10353.0	15318.0	22916.0	33816.0	50802.0	76491.0	114111.0	163215.0	226475.0	313949.0	538973.0	1620667.0	6766617.0	2518952.0
	17.0	18.0	19.0	20.0	21.0	22.0	23.0	24.0	25.0	26.0	27.0	28.0	29.0	30.0	31.0	32.0	33.0	34.0
H3K27_A_R2	3.0	6.0	60.0	301.0	1287.0	3520.0	8372.0	17011.0	32347.0	58551.0	101653.0	163285.0	243247.0	352362.0	630065.0	1408817.0	7244275.0	3784653.0
	12.0	13.0	14.0	15.0	16.0	17.0	18.0	19.0	20.0	21.0	22.0	23.0	24.0	25.0	26.0	27.0	28.0	29.0	30.0	31.0	32.0	33.0	34.0
H3K27_A_R3	1.0	8.0	30.0	125.0	501.0	1292.0	2695.0	4709.0	7653.0	11658.0	16831.0	24709.0	36411.0	54840.0	83967.0	125618.0	183193.0	250397.0	331205.0	534555.0	1549796.0	6557742.0	2504467.0
	18.0	19.0	20.0	21.0	22.0	23.0	24.0	25.0	26.0	27.0	28.0	29.0	30.0	31.0	32.0	33.0	34.0
H3K27_A_R4	5.0	44.0	177.0	730.0	2169.0	5669.0	12734.0	25114.0	46341.0	79303.0	129200.0	191938.0	285806.0	551721.0	1140811.0	5552747.0	2707652.0
	18.0	19.0	20.0	21.0	22.0	23.0	24.0	25.0	26.0	27.0	28.0	29.0	30.0	31.0	32.0	33.0	34.0
H3K27_N_R1	5.0	56.0	282.0	1131.0	3235.0	7854.0	16748.0	32704.0	59547.0	101976.0	165289.0	241883.0	353371.0	663399.0	1379502.0	6950755.0	3565922.0
	12.0	13.0	14.0	15.0	16.0	17.0	18.0	19.0	20.0	21.0	22.0	23.0	24.0	25.0	26.0	27.0	28.0	29.0	30.0	31.0	32.0	33.0	34.0
H3K27_N_R2	4.0	5.0	19.0	149.0	495.0	1305.0	2926.0	5111.0	8337.0	12572.0	18840.0	28042.0	41496.0	63678.0	96952.0	143495.0	205243.0	277513.0	373961.0	623232.0	1840355.0	7989266.0	3101672.0
	12.0	13.0	14.0	15.0	16.0	17.0	18.0	19.0	20.0	21.0	22.0	23.0	24.0	25.0	26.0	27.0	28.0	29.0	30.0	31.0	32.0	33.0	34.0
H3K27_N_R3	3.0	6.0	31.0	104.0	481.0	1250.0	2896.0	5081.0	8176.0	12021.0	17936.0	26676.0	40741.0	64091.0	99856.0	152503.0	219772.0	291647.0	364983.0	556707.0	1582235.0	6969278.0	2772055.0
	12.0	13.0	14.0	15.0	16.0	17.0	18.0	19.0	20.0	21.0	22.0	23.0	24.0	25.0	26.0	27.0	28.0	29.0	30.0	31.0	32.0	33.0	34.0
H3K27_N_R4	1.0	7.0	26.0	131.0	419.0	1251.0	2565.0	4540.0	7492.0	11176.0	16814.0	25056.0	36970.0	56626.0	86386.0	128198.0	185697.0	252933.0	332461.0	537337.0	1568234.0	6745329.0	2607858.0
	13.0	14.0	15.0	16.0	17.0	18.0	19.0	20.0	21.0	22.0	23.0	24.0	25.0	26.0	27.0	28.0	29.0	30.0	31.0	32.0	33.0	34.0
H3K4_A_R1	2.0	23.0	118.0	440.0	1128.0	2487.0	4353.0	6946.0	10311.0	15220.0	22416.0	33563.0	51960.0	81354.0	119595.0	164187.0	210210.0	265322.0	426849.0	1232726.0	5146391.0	2015027.0
	17.0	18.0	19.0	20.0	21.0	22.0	23.0	24.0	25.0	26.0	27.0	28.0	29.0	30.0	31.0	32.0	33.0	34.0
H3K4_A_R2	1.0	6.0	27.0	173.0	663.0	1926.0	4847.0	10129.0	19488.0	35512.0	62100.0	100173.0	149184.0	221933.0	426296.0	887869.0	4344796.0	2228440.0
	12.0	13.0	14.0	15.0	16.0	17.0	18.0	19.0	20.0	21.0	22.0	23.0	24.0	25.0	26.0	27.0	28.0	29.0	30.0	31.0	32.0	33.0	34.0
H3K4_A_R3	1.0	12.0	31.0	160.0	486.0	1365.0	2717.0	4827.0	7953.0	11904.0	17714.0	25640.0	37682.0	56769.0	86050.0	126207.0	179303.0	245877.0	332079.0	559881.0	1635332.0	6646282.0	2507635.0
	17.0	18.0	19.0	20.0	21.0	22.0	23.0	24.0	25.0	26.0	27.0	28.0	29.0	30.0	31.0	32.0	33.0	34.0
H3K4_A_R4	1.0	5.0	26.0	136.0	550.0	1687.0	4536.0	10029.0	19848.0	37966.0	66536.0	107855.0	161242.0	236459.0	436803.0	969146.0	4687601.0	2305923.0
	12.0	13.0	14.0	15.0	16.0	17.0	18.0	19.0	20.0	21.0	22.0	23.0	24.0	25.0	26.0	27.0	28.0	29.0	30.0	31.0	32.0	33.0	34.0
H3K4_N_R1	1.0	10.0	30.0	99.0	490.0	1467.0	3027.0	5399.0	8208.0	11867.0	17616.0	27707.0	46281.0	76885.0	117872.0	159823.0	193624.0	212896.0	234217.0	358129.0	1022979.0	4210804.0	1677161.0
	16.0	17.0	18.0	19.0	20.0	21.0	22.0	23.0	24.0	25.0	26.0	27.0	28.0	29.0	30.0	31.0	32.0	33.0	34.0
H3K4_N_R2	1.0	2.0	5.0	26.0	169.0	661.0	1850.0	4910.0	10651.0	21013.0	39290.0	68163.0	110126.0	162556.0	237783.0	446543.0	937648.0	4567735.0	2356821.0
	12.0	13.0	14.0	15.0	16.0	17.0	18.0	19.0	20.0	21.0	22.0	23.0	24.0	25.0	26.0	27.0	28.0	29.0	30.0	31.0	32.0	33.0	34.0
H3K4_N_R3	3.0	5.0	31.0	124.0	401.0	1165.0	2504.0	4425.0	6936.0	10549.0	15400.0	23174.0	35293.0	54794.0	85556.0	127777.0	178961.0	236823.0	300965.0	471780.0	1348863.0	5842868.0	2372602.0
	18.0	19.0	20.0	21.0	22.0	23.0	24.0	25.0	26.0	27.0	28.0	29.0	30.0	31.0	32.0	33.0	34.0
H3K4_N_R4	6.0	13.0	110.0	458.0	1363.0	3523.0	7715.0	15478.0	28732.0	50246.0	81350.0	119565.0	174141.0	327077.0	712641.0	3432620.0	1719972.0
	12.0	13.0	14.0	15.0	16.0	17.0	18.0	19.0	20.0	21.0	22.0	23.0	24.0	25.0	26.0	27.0	28.0	29.0	30.0	31.0	32.0	33.0	34.0
IgG_A_R1	3.0	23.0	99.0	394.0	1504.0	4139.0	9095.0	16384.0	26915.0	40962.0	60820.0	90698.0	137914.0	212320.0	323864.0	476066.0	673795.0	902377.0	1196252.0	1972172.0	5745220.0	24735112.0	9500366.0
	16.0	17.0	18.0	19.0	20.0	21.0	22.0	23.0	24.0	25.0	26.0	27.0	28.0	29.0	30.0	31.0	32.0	33.0	34.0
IgG_N_R1	1.0	3.0	12.0	110.0	593.0	2498.0	7894.0	21020.0	46903.0	96313.0	181111.0	320980.0	525750.0	792642.0	1200468.0	2121689.0	4798012.0	24085054.0	12180045.0
	12.0	13.0	14.0	15.0	16.0	17.0	18.0	19.0	20.0	21.0	22.0	23.0	24.0	25.0	26.0	27.0	28.0	29.0	30.0	31.0	32.0	33.0	34.0
nH3K27_A_R1	2.0	5.0	36.0	116.0	392.0	1128.0	2428.0	4367.0	7384.0	11744.0	17788.0	26430.0	39420.0	59920.0	90199.0	134625.0	196206.0	273716.0	374056.0	626196.0	1830611.0	7962229.0	2965715.0
	13.0	14.0	15.0	16.0	17.0	18.0	19.0	20.0	21.0	22.0	23.0	24.0	25.0	26.0	27.0	28.0	29.0	30.0	31.0	32.0	33.0	34.0
nH3K27_A_R2	8.0	30.0	120.0	406.0	1051.0	2338.0	4241.0	7119.0	10962.0	17060.0	25849.0	38588.0	58175.0	88996.0	133661.0	194580.0	269977.0	372367.0	626842.0	1839330.0	7887891.0	2871875.0
	12.0	13.0	14.0	15.0	16.0	17.0	18.0	19.0	20.0	21.0	22.0	23.0	24.0	25.0	26.0	27.0	28.0	29.0	30.0	31.0	32.0	33.0	34.0
nH3K27_A_R3	1.0	2.0	13.0	99.0	374.0	1033.0	2365.0	4292.0	7046.0	10750.0	16177.0	24521.0	38244.0	57699.0	83346.0	113587.0	155373.0	214546.0	305026.0	525860.0	1558342.0	7130898.0	2766430.0
	18.0	19.0	20.0	21.0	22.0	23.0	24.0	25.0	26.0	27.0	28.0	29.0	30.0	31.0	32.0	33.0	34.0
nH3K27_N_R1	4.0	55.0	226.0	884.0	2603.0	6483.0	13939.0	27174.0	49273.0	86345.0	140366.0	207946.0	290602.0	479443.0	1225893.0	6176995.0	3275216.0
	12.0	13.0	14.0	15.0	16.0	17.0	18.0	19.0	20.0	21.0	22.0	23.0	24.0	25.0	26.0	27.0	28.0	29.0	30.0	31.0	32.0	33.0	34.0
nH3K27_N_R2	1.0	6.0	19.0	77.0	314.0	937.0	2006.0	3820.0	6324.0	9780.0	14695.0	22058.0	32959.0	49981.0	76688.0	116185.0	169375.0	234176.0	322666.0	544695.0	1636703.0	7124678.0	2726525.0
	18.0	19.0	20.0	21.0	22.0	23.0	24.0	25.0	26.0	27.0	28.0	29.0	30.0	31.0	32.0	33.0	34.0
nH3K27_N_R3	17.0	90.0	388.0	1555.0	4113.0	9445.0	18225.0	33819.0	61124.0	106940.0	173272.0	258169.0	364372.0	612190.0	1559403.0	7927949.0	4140686.0
	17.0	18.0	19.0	20.0	21.0	22.0	23.0	24.0	25.0	26.0	27.0	28.0	29.0	30.0	31.0	32.0	33.0	34.0
nH3K4_A_R1	1.0	7.0	66.0	370.0	1315.0	3856.0	9107.0	19010.0	36959.0	67991.0	117271.0	189281.0	278632.0	390175.0	663244.0	1621753.0	7997345.0	3789546.0
	17.0	18.0	19.0	20.0	21.0	22.0	23.0	24.0	25.0	26.0	27.0	28.0	29.0	30.0	31.0	32.0	33.0	34.0
nH3K4_A_R2	1.0	8.0	57.0	257.0	984.0	3003.0	7596.0	16498.0	32321.0	59886.0	105194.0	169218.0	249522.0	349456.0	591945.0	1459838.0	7096857.0	3246175.0
	13.0	14.0	15.0	16.0	17.0	18.0	19.0	20.0	21.0	22.0	23.0	24.0	25.0	26.0	27.0	28.0	29.0	30.0	31.0	32.0	33.0	34.0
nH3K4_A_R3	4.0	19.0	84.0	272.0	705.0	1544.0	2819.0	4751.0	7726.0	11867.0	18083.0	26988.0	41215.0	62167.0	95360.0	140556.0	198941.0	276012.0	467328.0	1383890.0	5982285.0	2117885.0
	12.0	13.0	14.0	15.0	16.0	17.0	18.0	19.0	20.0	21.0	22.0	23.0	24.0	25.0	26.0	27.0	28.0	29.0	30.0	31.0	32.0	33.0	34.0
nH3K4_N_R1	2.0	3.0	17.0	100.0	426.0	1259.0	2778.0	5102.0	8409.0	12539.0	18591.0	27560.0	42103.0	65549.0	102138.0	148559.0	205991.0	269337.0	356110.0	590376.0	1755681.0	7928799.0	3188389.0
	18.0	19.0	20.0	21.0	22.0	23.0	24.0	25.0	26.0	27.0	28.0	29.0	30.0	31.0	32.0	33.0	34.0
nH3K4_N_R2	8.0	71.0	353.0	1242.0	3622.0	8718.0	18360.0	35247.0	64953.0	113187.0	182571.0	270195.0	379150.0	631577.0	1608713.0	8046959.0	4157757.0
	12.0	13.0	14.0	15.0	16.0	17.0	18.0	19.0	20.0	21.0	22.0	23.0	24.0	25.0	26.0	27.0	28.0	29.0	30.0	31.0	32.0	33.0	34.0
nH3K4_N_R3	1.0	4.0	23.0	103.0	356.0	1057.0	2412.0	4280.0	6992.0	10915.0	16233.0	24493.0	36361.0	55657.0	85201.0	129620.0	189996.0	265391.0	365062.0	610726.0	1822825.0	8130016.0	3174252.0
	12.0	13.0	14.0	15.0	16.0	17.0	18.0	19.0	20.0	21.0	22.0	23.0	24.0	25.0	26.0	27.0	28.0	29.0	30.0	31.0	32.0	33.0	34.0
nIgG_A_R1	6.0	13.0	51.0	215.0	867.0	2227.0	4881.0	9159.0	15149.0	23852.0	35723.0	53639.0	80870.0	122844.0	187503.0	280730.0	411072.0	571383.0	786130.0	1316630.0	3865311.0	16735280.0	6103533.0
	17.0	18.0	19.0	20.0	21.0	22.0	23.0	24.0	25.0	26.0	27.0	28.0	29.0	30.0	31.0	32.0	33.0	34.0
nIgG_N_R1	2.0	9.0	92.0	489.0	1938.0	5805.0	14283.0	29967.0	59002.0	108744.0	188555.0	305857.0	449741.0	631974.0	1060679.0	2673940.0	13428772.0	7045198.0

