	18.0	19.0	20.0	21.0	22.0	23.0	24.0	25.0	26.0	27.0	28.0	29.0	30.0	31.0	32.0	33.0	34.0
H3K27_A_R1_1	3.0	18.0	132.0	556.0	1823.0	5223.0	12311.0	26257.0	49529.0	87943.0	143305.0	210116.0	307388.0	482103.0	1249540.0	6526432.0	3292302.0
	13.0	14.0	15.0	16.0	17.0	18.0	19.0	20.0	21.0	22.0	23.0	24.0	25.0	26.0	27.0	28.0	29.0	30.0	31.0	32.0	33.0	34.0
H3K27_A_R1_2	3.0	7.0	52.0	195.0	589.0	1432.0	2650.0	5174.0	8307.0	13192.0	19440.0	29824.0	44648.0	66161.0	98742.0	144207.0	204705.0	308416.0	524417.0	1566518.0	6756844.0	2599458.0
	17.0	18.0	19.0	20.0	21.0	22.0	23.0	24.0	25.0	26.0	27.0	28.0	29.0	30.0	31.0	32.0	33.0	34.0
H3K27_A_R2_1	1.0	5.0	30.0	203.0	912.0	2793.0	6807.0	14772.0	29531.0	54591.0	96440.0	156954.0	231220.0	339761.0	529476.0	1342391.0	7204384.0	3881691.0
	14.0	15.0	16.0	17.0	18.0	19.0	20.0	21.0	22.0	23.0	24.0	25.0	26.0	27.0	28.0	29.0	30.0	31.0	32.0	33.0	34.0
H3K27_A_R2_2	9.0	64.0	215.0	714.0	1705.0	3394.0	6056.0	9490.0	14216.0	20020.0	30011.0	43465.0	65404.0	98679.0	147494.0	209830.0	320196.0	539319.0	1573452.0	7541403.0	3266826.0
	18.0	19.0	20.0	21.0	22.0	23.0	24.0	25.0	26.0	27.0	28.0	29.0	30.0	31.0	32.0	33.0	34.0
H3K27_A_R3_1	3.0	26.0	174.0	643.0	2058.0	5392.0	12822.0	26397.0	49678.0	87787.0	141304.0	206708.0	301598.0	472301.0	1209626.0	6300634.0	3246895.0
	14.0	15.0	16.0	17.0	18.0	19.0	20.0	21.0	22.0	23.0	24.0	25.0	26.0	27.0	28.0	29.0	30.0	31.0	32.0	33.0	34.0
H3K27_A_R3_2	12.0	49.0	204.0	658.0	1548.0	2870.0	5360.0	8790.0	13382.0	19708.0	30039.0	43957.0	65875.0	97187.0	142810.0	200594.0	300969.0	507909.0	1493434.0	6545496.0	2583195.0
	18.0	19.0	20.0	21.0	22.0	23.0	24.0	25.0	26.0	27.0	28.0	29.0	30.0	31.0	32.0	33.0	34.0
H3K27_A_R4_1	3.0	23.0	114.0	522.0	1655.0	4395.0	10769.0	22246.0	42197.0	73882.0	121331.0	178413.0	262103.0	413598.0	1073361.0	5526832.0	2779529.0
	13.0	14.0	15.0	16.0	17.0	18.0	19.0	20.0	21.0	22.0	23.0	24.0	25.0	26.0	27.0	28.0	29.0	30.0	31.0	32.0	33.0	34.0
H3K27_A_R4_2	1.0	12.0	55.0	189.0	550.0	1290.0	2435.0	4402.0	7241.0	10960.0	16281.0	24953.0	36520.0	54767.0	82323.0	119929.0	171469.0	258364.0	442289.0	1316864.0	5726599.0	2233480.0
	18.0	19.0	20.0	21.0	22.0	23.0	24.0	25.0	26.0	27.0	28.0	29.0	30.0	31.0	32.0	33.0	34.0
H3K27_N_R1_1	3.0	23.0	189.0	829.0	2477.0	6242.0	14442.0	29144.0	54528.0	95688.0	155825.0	226486.0	329211.0	512890.0	1301354.0	6914330.0	3657933.0
	12.0	13.0	14.0	15.0	16.0	17.0	18.0	19.0	20.0	21.0	22.0	23.0	24.0	25.0	26.0	27.0	28.0	29.0	30.0	31.0	32.0	33.0	34.0
H3K27_N_R1_2	1.0	3.0	10.0	46.0	221.0	588.0	1549.0	2911.0	5646.0	8933.0	13816.0	20237.0	31494.0	45684.0	68273.0	102950.0	150977.0	213488.0	318737.0	535950.0	1574955.0	7219660.0	2985465.0
	18.0	19.0	20.0	21.0	22.0	23.0	24.0	25.0	26.0	27.0	28.0	29.0	30.0	31.0	32.0	33.0	34.0
H3K27_N_R2_1	3.0	36.0	180.0	777.0	2584.0	6531.0	15758.0	32195.0	60421.0	106630.0	172166.0	251147.0	366159.0	567263.0	1452286.0	7663966.0	3963600.0
	12.0	13.0	14.0	15.0	16.0	17.0	18.0	19.0	20.0	21.0	22.0	23.0	24.0	25.0	26.0	27.0	28.0	29.0	30.0	31.0	32.0	33.0	34.0
H3K27_N_R2_2	3.0	2.0	8.0	68.0	264.0	694.0	1780.0	3263.0	6094.0	9753.0	15467.0	22766.0	34877.0	52181.0	77418.0	115810.0	170260.0	239311.0	359053.0	604017.0	1777560.0	7971552.0	3199501.0
	17.0	18.0	19.0	20.0	21.0	22.0	23.0	24.0	25.0	26.0	27.0	28.0	29.0	30.0	31.0	32.0	33.0	34.0
H3K27_N_R3_1	1.0	4.0	18.0	145.0	641.0	2158.0	5544.0	13498.0	27394.0	51479.0	91201.0	147834.0	216850.0	315305.0	489708.0	1230009.0	6605298.0	3610974.0
	13.0	14.0	15.0	16.0	17.0	18.0	19.0	20.0	21.0	22.0	23.0	24.0	25.0	26.0	27.0	28.0	29.0	30.0	31.0	32.0	33.0	34.0
H3K27_N_R3_2	1.0	9.0	39.0	210.0	585.0	1444.0	2716.0	5061.0	8324.0	13091.0	19382.0	30247.0	45017.0	67321.0	100519.0	147667.0	208661.0	310506.0	518708.0	1521487.0	6950597.0	2856469.0
	18.0	19.0	20.0	21.0	22.0	23.0	24.0	25.0	26.0	27.0	28.0	29.0	30.0	31.0	32.0	33.0	34.0
H3K27_N_R4_1	4.0	29.0	136.0	605.0	2089.0	5407.0	13096.0	26693.0	50808.0	90100.0	144019.0	210286.0	307703.0	479599.0	1229505.0	6476086.0	3356287.0
	13.0	14.0	15.0	16.0	17.0	18.0	19.0	20.0	21.0	22.0	23.0	24.0	25.0	26.0	27.0	28.0	29.0	30.0	31.0	32.0	33.0	34.0
H3K27_N_R4_2	2.0	8.0	45.0	168.0	620.0	1417.0	2728.0	5185.0	8399.0	13136.0	19711.0	30293.0	44877.0	66685.0	98778.0	144968.0	203975.0	304750.0	513462.0	1513075.0	6730359.0	2689811.0
	18.0	19.0	20.0	21.0	22.0	23.0	24.0	25.0	26.0	27.0	28.0	29.0	30.0	31.0	32.0	33.0	34.0
H3K4_A_R1_1	2.0	21.0	106.0	404.0	1438.0	3956.0	9676.0	19906.0	38571.0	68350.0	110783.0	163607.0	241476.0	379151.0	961497.0	4940783.0	2618119.0
	14.0	15.0	16.0	17.0	18.0	19.0	20.0	21.0	22.0	23.0	24.0	25.0	26.0	27.0	28.0	29.0	30.0	31.0	32.0	33.0	34.0
H3K4_A_R1_2	8.0	43.0	181.0	481.0	1208.0	2273.0	4273.0	6726.0	10522.0	15433.0	23759.0	35061.0	52406.0	78224.0	114531.0	161718.0	240458.0	408215.0	1190635.0	5136657.0	2075034.0
	18.0	19.0	20.0	21.0	22.0	23.0	24.0	25.0	26.0	27.0	28.0	29.0	30.0	31.0	32.0	33.0	34.0
H3K4_A_R2_1	1.0	19.0	121.0	452.0	1526.0	3820.0	8558.0	17130.0	32235.0	57437.0	93964.0	138500.0	206283.0	326008.0	835791.0	4323494.0	2285645.0
	13.0	14.0	15.0	16.0	17.0	18.0	19.0	20.0	21.0	22.0	23.0	24.0	25.0	26.0	27.0	28.0	29.0	30.0	31.0	32.0	33.0	34.0
H3K4_A_R2_2	4.0	7.0	50.0	157.0	453.0	1093.0	2033.0	3842.0	6073.0	9137.0	12836.0	18556.0	27661.0	40782.0	60871.0	90831.0	129533.0	197730.0	337753.0	991443.0	4500490.0	1899649.0
	17.0	18.0	19.0	20.0	21.0	22.0	23.0	24.0	25.0	26.0	27.0	28.0	29.0	30.0	31.0	32.0	33.0	34.0
H3K4_A_R3_1	1.0	2.0	30.0	154.0	636.0	2061.0	5117.0	12417.0	25775.0	48849.0	86567.0	141295.0	209779.0	310840.0	491024.0	1270149.0	6408759.0	3295121.0
	13.0	14.0	15.0	16.0	17.0	18.0	19.0	20.0	21.0	22.0	23.0	24.0	25.0	26.0	27.0	28.0	29.0	30.0	31.0	32.0	33.0	34.0
H3K4_A_R3_2	1.0	14.0	57.0	225.0	725.0	1600.0	2989.0	5733.0	9092.0	14421.0	20680.0	31186.0	45526.0	67225.0	99874.0	146399.0	207672.0	313617.0	538557.0	1580548.0	6637084.0	2585351.0
	18.0	19.0	20.0	21.0	22.0	23.0	24.0	25.0	26.0	27.0	28.0	29.0	30.0	31.0	32.0	33.0	34.0
H3K4_A_R4_1	3.0	17.0	83.0	389.0	1273.0	3565.0	8447.0	17832.0	34749.0	62372.0	102313.0	151732.0	225169.0	356538.0	920767.0	4666229.0	2366521.0
	13.0	14.0	15.0	16.0	17.0	18.0	19.0	20.0	21.0	22.0	23.0	24.0	25.0	26.0	27.0	28.0	29.0	30.0	31.0	32.0	33.0	34.0
H3K4_A_R4_2	4.0	14.0	38.0	142.0	471.0	1144.0	2011.0	3725.0	6083.0	9287.0	13704.0	21207.0	30863.0	46123.0	70335.0	103434.0	147941.0	223491.0	382577.0	1127774.0	4832080.0	1895551.0
	18.0	19.0	20.0	21.0	22.0	23.0	24.0	25.0	26.0	27.0	28.0	29.0	30.0	31.0	32.0	33.0	34.0
H3K4_N_R1_1	2.0	21.0	105.0	472.0	1496.0	3714.0	8403.0	16673.0	31060.0	55206.0	90195.0	133561.0	198505.0	319116.0	804441.0	4047805.0	2146977.0
	13.0	14.0	15.0	16.0	17.0	18.0	19.0	20.0	21.0	22.0	23.0	24.0	25.0	26.0	27.0	28.0	29.0	30.0	31.0	32.0	33.0	34.0
H3K4_N_R1_2	2.0	14.0	23.0	160.0	510.0	1110.0	2121.0	3819.0	6019.0	9135.0	12797.0	19373.0	27854.0	41859.0	62329.0	91930.0	130368.0	196252.0	338938.0	987558.0	4201280.0	1724301.0
	17.0	18.0	19.0	20.0	21.0	22.0	23.0	24.0	25.0	26.0	27.0	28.0	29.0	30.0	31.0	32.0	33.0	34.0
H3K4_N_R2_1	1.0	2.0	11.0	104.0	480.0	1472.0	3806.0	8987.0	18554.0	35733.0	63359.0	103424.0	151282.0	223002.0	348937.0	880419.0	4544604.0	2416432.0
	14.0	15.0	16.0	17.0	18.0	19.0	20.0	21.0	22.0	23.0	24.0	25.0	26.0	27.0	28.0	29.0	30.0	31.0	32.0	33.0	34.0
H3K4_N_R2_2	4.0	35.0	133.0	429.0	1109.0	1931.0	3729.0	5865.0	9400.0	13968.0	21064.0	31564.0	47038.0	70113.0	103195.0	146845.0	219814.0	371547.0	1078548.0	4734051.0	1940227.0
	17.0	18.0	19.0	20.0	21.0	22.0	23.0	24.0	25.0	26.0	27.0	28.0	29.0	30.0	31.0	32.0	33.0	34.0
H3K4_N_R3_1	2.0	8.0	23.0	135.0	533.0	1757.0	4577.0	11021.0	22680.0	42422.0	75949.0	124031.0	182944.0	268280.0	417664.0	1045371.0	5538542.0	3107654.0
	13.0	14.0	15.0	16.0	17.0	18.0	19.0	20.0	21.0	22.0	23.0	24.0	25.0	26.0	27.0	28.0	29.0	30.0	31.0	32.0	33.0	34.0
H3K4_N_R3_2	1.0	3.0	50.0	165.0	481.0	1270.0	2448.0	4522.0	7324.0	11359.0	17043.0	26045.0	38498.0	57018.0	86191.0	126268.0	179538.0	266920.0	447306.0	1300935.0	5828274.0	2441934.0
	18.0	19.0	20.0	21.0	22.0	23.0	24.0	25.0	26.0	27.0	28.0	29.0	30.0	31.0	32.0	33.0	34.0
H3K4_N_R4_1	4.0	7.0	74.0	332.0	1033.0	2760.0	6496.0	13683.0	26264.0	46792.0	76326.0	111707.0	165203.0	258560.0	660977.0	3415781.0	1764712.0
	14.0	15.0	16.0	17.0	18.0	19.0	20.0	21.0	22.0	23.0	24.0	25.0	26.0	27.0	28.0	29.0	30.0	31.0	32.0	33.0	34.0
H3K4_N_R4_2	7.0	22.0	106.0	345.0	794.0	1402.0	2673.0	4284.0	6865.0	10356.0	15981.0	24030.0	35620.0	53246.0	77996.0	109885.0	164036.0	277591.0	813066.0	3541308.0	1411098.0
	13.0	14.0	15.0	16.0	17.0	18.0	19.0	20.0	21.0	22.0	23.0	24.0	25.0	26.0	27.0	28.0	29.0	30.0	31.0	32.0	33.0	34.0
IgG_A_R1_1	7.0	34.0	156.0	680.0	1988.0	5059.0	9563.0	17296.0	27229.0	42779.0	64934.0	105828.0	167376.0	268587.0	423678.0	634945.0	875430.0	1222265.0	1917362.0	5303871.0	24380556.0	10465815.0
	13.0	14.0	15.0	16.0	17.0	18.0	19.0	20.0	21.0	22.0	23.0	24.0	25.0	26.0	27.0	28.0	29.0	30.0	31.0	32.0	33.0	34.0
IgG_A_R1_2	9.0	36.0	187.0	847.0	2443.0	6279.0	11863.0	21606.0	34127.0	52474.0	77358.0	120515.0	182512.0	282092.0	430726.0	635174.0	868576.0	1217454.0	1944374.0	5563239.0	24686997.0	9796550.0
	18.0	19.0	20.0	21.0	22.0	23.0	24.0	25.0	26.0	27.0	28.0	29.0	30.0	31.0	32.0	33.0	34.0
IgG_N_R1_1	6.0	67.0	408.0	1702.0	6015.0	16350.0	39829.0	85334.0	164525.0	298349.0	494054.0	735180.0	1095576.0	1727286.0	4481568.0	23959016.0	12483448.0
	13.0	14.0	15.0	16.0	17.0	18.0	19.0	20.0	21.0	22.0	23.0	24.0	25.0	26.0	27.0	28.0	29.0	30.0	31.0	32.0	33.0	34.0
IgG_N_R1_2	7.0	49.0	197.0	720.0	2070.0	4834.0	8907.0	16787.0	26702.0	42185.0	63107.0	97866.0	147034.0	222684.0	337654.0	501650.0	716942.0	1084007.0	1853841.0	5559283.0	25054175.0	9848012.0
	16.0	17.0	18.0	19.0	20.0	21.0	22.0	23.0	24.0	25.0	26.0	27.0	28.0	29.0	30.0	31.0	32.0	33.0	34.0
nH3K27_A_R1_1	1.0	0.0	4.0	40.0	188.0	805.0	2632.0	6775.0	15675.0	32714.0	61520.0	108248.0	176306.0	257871.0	375428.0	581516.0	1468433.0	7641571.0	3791276.0
	12.0	13.0	14.0	15.0	16.0	17.0	18.0	19.0	20.0	21.0	22.0	23.0	24.0	25.0	26.0	27.0	28.0	29.0	30.0	31.0	32.0	33.0	34.0
nH3K27_A_R1_2	1.0	5.0	5.0	50.0	217.0	617.0	1530.0	2871.0	5736.0	9638.0	15339.0	22527.0	35304.0	53060.0	79540.0	119379.0	175925.0	247781.0	366986.0	609022.0	1766426.0	7941948.0	3067096.0
	18.0	19.0	20.0	21.0	22.0	23.0	24.0	25.0	26.0	27.0	28.0	29.0	30.0	31.0	32.0	33.0	34.0
nH3K27_A_R2_1	3.0	26.0	178.0	676.0	2347.0	6176.0	15120.0	31330.0	60490.0	106967.0	174303.0	254349.0	372447.0	573588.0	1455829.0	7579003.0	3727149.0
	13.0	14.0	15.0	16.0	17.0	18.0	19.0	20.0	21.0	22.0	23.0	24.0	25.0	26.0	27.0	28.0	29.0	30.0	31.0	32.0	33.0	34.0
nH3K27_A_R2_2	1.0	14.0	56.0	212.0	562.0	1439.0	2863.0	5466.0	8922.0	14705.0	22031.0	34527.0	51950.0	78566.0	118063.0	175640.0	247583.0	368496.0	611947.0	1776254.0	7869001.0	2971683.0
	18.0	19.0	20.0	21.0	22.0	23.0	24.0	25.0	26.0	27.0	28.0	29.0	30.0	31.0	32.0	33.0	34.0
nH3K27_A_R3_1	8.0	31.0	220.0	990.0	3055.0	6799.0	14583.0	28332.0	52292.0	93071.0	152011.0	222760.0	328468.0	505786.0	1283150.0	6809507.0	3422329.0
	13.0	14.0	15.0	16.0	17.0	18.0	19.0	20.0	21.0	22.0	23.0	24.0	25.0	26.0	27.0	28.0	29.0	30.0	31.0	32.0	33.0	34.0
nH3K27_A_R3_2	1.0	6.0	44.0	185.0	551.0	1530.0	2876.0	5367.0	8472.0	12969.0	18448.0	27757.0	40891.0	62593.0	95363.0	142515.0	204758.0	310155.0	517119.0	1504147.0	7107698.0	2859947.0
	18.0	19.0	20.0	21.0	22.0	23.0	24.0	25.0	26.0	27.0	28.0	29.0	30.0	31.0	32.0	33.0	34.0
nH3K27_N_R1_1	4.0	23.0	150.0	689.0	2128.0	5258.0	12513.0	25213.0	46805.0	82783.0	135926.0	199846.0	291291.0	448236.0	1132073.0	6141690.0	3355857.0
	14.0	15.0	16.0	17.0	18.0	19.0	20.0	21.0	22.0	23.0	24.0	25.0	26.0	27.0	28.0	29.0	30.0	31.0	32.0	33.0	34.0
nH3K27_N_R1_2	7.0	45.0	141.0	475.0	1157.0	2451.0	4713.0	7421.0	11706.0	17313.0	26753.0	39719.0	60006.0	91129.0	133672.0	190969.0	283673.0	475318.0	1402706.0	6456561.0	2674550.0
	18.0	19.0	20.0	21.0	22.0	23.0	24.0	25.0	26.0	27.0	28.0	29.0	30.0	31.0	32.0	33.0	34.0
nH3K27_N_R2_1	3.0	35.0	152.0	648.0	2216.0	5676.0	13347.0	27221.0	51367.0	91283.0	149119.0	218704.0	320120.0	494865.0	1264624.0	6789567.0	3561117.0
	13.0	14.0	15.0	16.0	17.0	18.0	19.0	20.0	21.0	22.0	23.0	24.0	25.0	26.0	27.0	28.0	29.0	30.0	31.0	32.0	33.0	34.0
nH3K27_N_R2_2	2.0	11.0	32.0	163.0	486.0	1297.0	2625.0	4960.0	7828.0	12580.0	18536.0	28952.0	43311.0	65228.0	99043.0	147651.0	209638.0	315262.0	529762.0	1582236.0	7108279.0	2812182.0
	18.0	19.0	20.0	21.0	22.0	23.0	24.0	25.0	26.0	27.0	28.0	29.0	30.0	31.0	32.0	33.0	34.0
nH3K27_N_R3_1	8.0	58.0	279.0	1215.0	3381.0	7828.0	16316.0	31441.0	57881.0	102456.0	167414.0	247354.0	364387.0	563983.0	1438950.0	7883363.0	4244148.0
	13.0	14.0	15.0	16.0	17.0	18.0	19.0	20.0	21.0	22.0	23.0	24.0	25.0	26.0	27.0	28.0	29.0	30.0	31.0	32.0	33.0	34.0
nH3K27_N_R3_2	1.0	8.0	53.0	208.0	659.0	1708.0	3351.0	6376.0	9950.0	14515.0	19966.0	29756.0	43864.0	66544.0	101877.0	154454.0	223877.0	339549.0	575444.0	1712599.0	8291237.0	3534466.0
	18.0	19.0	20.0	21.0	22.0	23.0	24.0	25.0	26.0	27.0	28.0	29.0	30.0	31.0	32.0	33.0	34.0
nH3K4_A_R1_1	2.0	38.0	252.0	1046.0	3117.0	7327.0	16904.0	34168.0	64047.0	112850.0	183344.0	267614.0	391392.0	604489.0	1528005.0	7954977.0	3897037.0
	13.0	14.0	15.0	16.0	17.0	18.0	19.0	20.0	21.0	22.0	23.0	24.0	25.0	26.0	27.0	28.0	29.0	30.0	31.0	32.0	33.0	34.0
nH3K4_A_R1_2	2.0	7.0	56.0	183.0	649.0	1653.0	3234.0	6058.0	9823.0	15406.0	22636.0	35163.0	52729.0	78961.0	119641.0	178612.0	252195.0	377995.0	626319.0	1822755.0	8283367.0	3179165.0
	17.0	18.0	19.0	20.0	21.0	22.0	23.0	24.0	25.0	26.0	27.0	28.0	29.0	30.0	31.0	32.0	33.0	34.0
nH3K4_A_R2_1	1.0	6.0	40.0	181.0	753.0	2415.0	6120.0	14590.0	29944.0	56653.0	100820.0	164230.0	239750.0	350759.0	541359.0	1373334.0	7060043.0	3341768.0
	13.0	14.0	15.0	16.0	17.0	18.0	19.0	20.0	21.0	22.0	23.0	24.0	25.0	26.0	27.0	28.0	29.0	30.0	31.0	32.0	33.0	34.0
nH3K4_A_R2_2	1.0	7.0	51.0	177.0	563.0	1386.0	2652.0	5108.0	8524.0	13342.0	19708.0	30789.0	46483.0	70176.0	107291.0	159430.0	226506.0	339423.0	562327.0	1640684.0	7320676.0	2727462.0
	18.0	19.0	20.0	21.0	22.0	23.0	24.0	25.0	26.0	27.0	28.0	29.0	30.0	31.0	32.0	33.0	34.0
nH3K4_A_R3_1	2.0	16.0	117.0	551.0	1856.0	4782.0	11343.0	23654.0	44668.0	79717.0	131048.0	191370.0	281607.0	433396.0	1102098.0	5723035.0	2755157.0
	13.0	14.0	15.0	16.0	17.0	18.0	19.0	20.0	21.0	22.0	23.0	24.0	25.0	26.0	27.0	28.0	29.0	30.0	31.0	32.0	33.0	34.0
nH3K4_A_R3_2	2.0	11.0	32.0	135.0	390.0	1016.0	1991.0	3755.0	6444.0	10493.0	15684.0	24750.0	37405.0	56468.0	86562.0	129305.0	183351.0	273834.0	455682.0	1334898.0	5969603.0	2192606.0
	17.0	18.0	19.0	20.0	21.0	22.0	23.0	24.0	25.0	26.0	27.0	28.0	29.0	30.0	31.0	32.0	33.0	34.0
nH3K4_N_R1_1	1.0	8.0	40.0	242.0	991.0	3094.0	7433.0	15987.0	31115.0	57742.0	101940.0	165175.0	243217.0	354822.0	549479.0	1384378.0	7512680.0	4071669.0
	13.0	14.0	15.0	16.0	17.0	18.0	19.0	20.0	21.0	22.0	23.0	24.0	25.0	26.0	27.0	28.0	29.0	30.0	31.0	32.0	33.0	34.0
nH3K4_N_R1_2	1.0	8.0	43.0	214.0	625.0	1570.0	3199.0	5985.0	9531.0	14609.0	20904.0	31604.0	46081.0	70477.0	106631.0	158717.0	226613.0	341740.0	573753.0	1696814.0	7907280.0	3283614.0
	17.0	18.0	19.0	20.0	21.0	22.0	23.0	24.0	25.0	26.0	27.0	28.0	29.0	30.0	31.0	32.0	33.0	34.0
nH3K4_N_R2_1	1.0	4.0	43.0	259.0	927.0	2968.0	7213.0	16295.0	32622.0	61386.0	108788.0	176689.0	259321.0	378891.0	584298.0	1488242.0	8002317.0	4262035.0
	14.0	15.0	16.0	17.0	18.0	19.0	20.0	21.0	22.0	23.0	24.0	25.0	26.0	27.0	28.0	29.0	30.0	31.0	32.0	33.0	34.0
nH3K4_N_R2_2	7.0	44.0	199.0	622.0	1634.0	3300.0	6064.0	9720.0	15178.0	22111.0	33839.0	50070.0	75545.0	115015.0	171865.0	243964.0	367715.0	619591.0	1838227.0	8393891.0	3413698.0
	18.0	19.0	20.0	21.0	22.0	23.0	24.0	25.0	26.0	27.0	28.0	29.0	30.0	31.0	32.0	33.0	34.0
nH3K4_N_R3_1	3.0	34.0	197.0	869.0	2577.0	6513.0	15151.0	31022.0	57876.0	102373.0	168809.0	247358.0	359863.0	558754.0	1409225.0	7669742.0	4170397.0
	13.0	14.0	15.0	16.0	17.0	18.0	19.0	20.0	21.0	22.0	23.0	24.0	25.0	26.0	27.0	28.0	29.0	30.0	31.0	32.0	33.0	34.0
nH3K4_N_R3_2	1.0	8.0	48.0	198.0	589.0	1509.0	2913.0	5498.0	8929.0	13952.0	20900.0	32061.0	48068.0	72147.0	110291.0	164494.0	234634.0	351531.0	591498.0	1759845.0	8108828.0	3272821.0
	18.0	19.0	20.0	21.0	22.0	23.0	24.0	25.0	26.0	27.0	28.0	29.0	30.0	31.0	32.0	33.0	34.0
nIgG_A_R1_1	11.0	74.0	389.0	1697.0	5320.0	13789.0	32604.0	67080.0	127039.0	226817.0	368063.0	540123.0	788608.0	1218033.0	3089464.0	16051611.0	7850702.0
	13.0	14.0	15.0	16.0	17.0	18.0	19.0	20.0	21.0	22.0	23.0	24.0	25.0	26.0	27.0	28.0	29.0	30.0	31.0	32.0	33.0	34.0
nIgG_A_R1_2	3.0	21.0	90.0	415.0	1223.0	3052.0	6059.0	11685.0	19522.0	30508.0	45605.0	71949.0	107300.0	162663.0	246425.0	366165.0	516788.0	771141.0	1280589.0	3729719.0	16695737.0	6314765.0
	18.0	19.0	20.0	21.0	22.0	23.0	24.0	25.0	26.0	27.0	28.0	29.0	30.0	31.0	32.0	33.0	34.0
nIgG_N_R1_1	9.0	49.0	352.0	1480.0	4806.0	11715.0	26650.0	54229.0	102538.0	181114.0	294875.0	430999.0	629151.0	973301.0	2457932.0	13355985.0	7213565.0
	13.0	14.0	15.0	16.0	17.0	18.0	19.0	20.0	21.0	22.0	23.0	24.0	25.0	26.0	27.0	28.0	29.0	30.0	31.0	32.0	33.0	34.0
nIgG_N_R1_2	2.0	12.0	72.0	300.0	986.0	2628.0	5069.0	9600.0	16007.0	24537.0	36218.0	55725.0	83704.0	127110.0	192624.0	286786.0	409404.0	612223.0	1032605.0	3071601.0	14172915.0	5598622.0

